data penumpang;
input s Y1;
datalines;
0      1176478
0      1100169
0      1225671
0      1206909
0      1292549
0      1298975
0      1450214
0      1152985
0      1309501
0      1393142
0      1312017
0      1550547
0      1354230
0      1259187
0      1402161
0      1373346
0      1424388
0      1645041
0      1698808
0      1279539
0      1535120
0      1503666
0      1578533
0      1651090
0      1561684
0      1451736
0      1645065
0      1582880
0      1668845
0      1685196
0      1671053
0      1573873
0      1680588
0      1686800
0      1720032
0      1822128
0      1534744
0      1418207
0      1681186
0      1596941
0      1735299
0      1854812
0      1606661
0      1856324
0      1726190
0      1816513
0      1774351
0      2058080
0      1712529
0      1306951
0      1658568
0      1504102
0      1860120
0      1793386
0      1575907
0      1749146
0      1644321
0      1786361
0      1724281
0      1950020
0      1478308
0      1332181
0      1490037
0      1492524
0      1655718
0      1556379
0      1798426
0      1759884
0      1467594
0      1603937
0      1620867
0      1875545
0      1746840
0      1514119
0      1669840
0      1654878
0      1863374
0      1542497
0      1940711
0      1730919
0      1639365
0      1666021
0      1643796
0      1963622
0      1704606
0      1479097
0      1756665
0      1802960
0      1805970
0      1788098
0      2109734
0      1891326
0      1787086
0      1841654
0      1855288
0      2108796
0      1751059
0      1698478
0      1931117
0      1949487
0      1768565
0      1998533
0      2132360
0      1932013
0      1852076
0      1916452
0      1796523
0      1883165
0      1569630
0      1427000
0      1538314
0      1403186
0      1276006
0      1568669
0      1749777
0      1714643
0      1630312
0      1738571
0      1778862
0      1870092
0      1600594
0      1551967
1      1211697
1      191002
1      27500
1      174352
1      427731
1      574597
1          .
1          .
1          .
1          .
1          .
1          .
1          .
1          .
1          .
;
run;

proc ARIMA data=penumpang;
        IDENTIFY VAR=Y1(1) scrosscore=s(1) noprint;
        estimate p=(12) q=(1) input=(0 $ (5)/(1)s)
        noconstant method=ml;
        forecast lead=9 out=Y1;
run;

proc arima data=Y1;
        identify var=residual;
run;

proc univariate data=Y1 normal plot;
        var residual;
run;
